76561197990973056 0 null 0
76561197995653576 0 null 0
76561197963950356 0 null 0
76561198074688123 0 null 0
76561198031439262 0 null 0
76561198038335742 0 null 0
76561197960455806 0 null 0
76561197994202740 0 null 0
76561197993717349 0 null 0
76561198033698933 0 null 0
76561198025696527 0 null 0
76561198044386863 0 null 0
76561197998785544 0 null 0
76561197969524736 0 null 0
76561197966143421 0 null 0
76561198067173337 0 null 0
76561197963148137 0 null 0
76561198069582984 0 null 0
76561198029441894 0 null 0
76561197995003142 0 null 0
76561198049610868 0 null 0
76561198044632285 0 null 0
76561197998617945 0 null 0
76561197971278879 0 null 0
76561198059483990 0 null 0
76561198027406175 0 null 0
76561198046713852 0 null 0
76561198028331310 0 null 0
76561198013460914 0 null 0
76561198043767689 0 null 0
76561198017628435 0 null 0
76561198032644774 0 null 0
76561198031717617 0 null 0
76561198063800065 0 null 0
76561198083590417 0 null 0
76561198036292805 0 null 0
76561198016333925 0 null 0
76561198047407106 0 null 0
76561198038478149 0 null 0
76561197972420921 0 null 0
76561197975360931 0 null 0
76561197978678996 0 null 0
76561197991133317 0 null 0
76561198026960245 0 null 0
76561198068269686 0 null 0
